%IK_data
a = [25 0 560 35 0 0 0];
alp = [0 90 0 90 -90 90 0];
d = [0 -400 0 0 -515 0 87];
th = [0 th1 -90+th2 th3 180+th4 180+th5 th6];